100 1593
1 3
1 11
1 15
1 17
1 19
1 20
1 22
1 25
1 32
1 35
1 36
1 38
1 39
1 46
1 51
1 52
1 54
1 57
1 60
1 62
1 67
1 77
1 82
1 86
1 89
1 94
1 95
2 10
2 11
2 12
2 17
2 18
2 25
2 30
2 43
2 44
2 45
2 50
2 53
2 56
2 59
2 62
2 63
2 64
2 66
2 68
2 72
2 73
2 74
2 77
2 79
2 81
2 84
2 87
2 88
2 90
2 91
2 94
2 96
2 97
2 98
3 6
3 7
3 8
3 14
3 18
3 21
3 27
3 28
3 30
3 33
3 35
3 37
3 38
3 39
3 40
3 42
3 48
3 53
3 56
3 58
3 65
3 71
3 72
3 74
3 77
3 78
3 83
3 85
3 95
3 96
3 97
3 98
4 8
4 10
4 15
4 18
4 22
4 26
4 32
4 33
4 35
4 43
4 45
4 46
4 50
4 52
4 55
4 58
4 59
4 61
4 63
4 64
4 65
4 67
4 69
4 80
4 83
4 86
4 90
4 91
4 92
4 93
4 97
4 99
4 100
5 11
5 13
5 20
5 22
5 23
5 26
5 29
5 32
5 36
5 46
5 48
5 51
5 55
5 60
5 61
5 64
5 67
5 68
5 72
5 78
5 80
5 81
5 82
5 87
5 94
5 95
6 12
6 18
6 25
6 28
6 30
6 31
6 38
6 39
6 42
6 43
6 44
6 46
6 50
6 56
6 66
6 74
6 78
6 89
6 96
7 10
7 19
7 20
7 21
7 24
7 26
7 33
7 36
7 41
7 49
7 50
7 51
7 53
7 57
7 62
7 63
7 64
7 65
7 67
7 68
7 72
7 75
7 77
7 79
7 86
7 87
7 88
7 90
7 92
7 93
7 98
7 99
7 100
8 9
8 10
8 17
8 18
8 19
8 20
8 21
8 25
8 26
8 29
8 32
8 37
8 41
8 42
8 44
8 46
8 51
8 53
8 55
8 56
8 57
8 64
8 67
8 68
8 74
8 75
8 78
8 80
8 83
8 85
8 89
8 90
8 93
8 95
8 99
9 12
9 15
9 16
9 17
9 22
9 23
9 31
9 32
9 36
9 38
9 40
9 42
9 43
9 46
9 49
9 50
9 59
9 60
9 64
9 66
9 70
9 72
9 74
9 80
9 91
9 94
9 99
10 12
10 17
10 20
10 22
10 23
10 32
10 39
10 43
10 44
10 45
10 52
10 53
10 54
10 56
10 57
10 58
10 60
10 65
10 67
10 69
10 70
10 71
10 73
10 75
10 77
10 83
10 87
10 89
10 98
11 12
11 15
11 18
11 26
11 27
11 30
11 34
11 35
11 38
11 42
11 45
11 46
11 61
11 63
11 64
11 66
11 68
11 69
11 71
11 78
11 80
11 81
11 82
11 89
11 91
11 97
11 98
11 99
11 100
12 17
12 19
12 20
12 27
12 28
12 32
12 35
12 40
12 41
12 42
12 43
12 47
12 48
12 57
12 58
12 69
12 70
12 78
12 85
12 93
13 14
13 15
13 16
13 17
13 20
13 22
13 27
13 30
13 42
13 44
13 47
13 48
13 50
13 53
13 56
13 60
13 61
13 63
13 64
13 65
13 66
13 70
13 72
13 73
13 81
13 82
13 83
13 85
13 91
13 93
13 96
14 18
14 21
14 23
14 24
14 25
14 26
14 27
14 28
14 29
14 30
14 34
14 36
14 38
14 39
14 45
14 48
14 51
14 52
14 55
14 56
14 57
14 59
14 65
14 66
14 70
14 73
14 75
14 77
14 80
14 83
14 84
14 86
14 87
14 90
14 91
14 94
14 95
14 99
15 17
15 23
15 25
15 27
15 30
15 33
15 35
15 36
15 43
15 48
15 49
15 52
15 53
15 55
15 60
15 72
15 80
15 88
15 95
15 99
16 18
16 27
16 28
16 37
16 39
16 41
16 42
16 51
16 56
16 61
16 64
16 73
16 79
16 81
16 85
16 86
16 87
16 89
16 93
16 95
16 97
16 98
17 18
17 21
17 22
17 30
17 33
17 38
17 53
17 55
17 65
17 67
17 78
17 79
17 86
17 87
17 90
17 93
17 94
17 95
17 97
17 100
18 22
18 23
18 24
18 25
18 26
18 31
18 37
18 39
18 42
18 44
18 46
18 48
18 50
18 53
18 54
18 56
18 59
18 60
18 65
18 66
18 73
18 76
18 77
18 79
18 81
18 83
18 87
18 88
18 91
18 92
18 95
18 97
18 99
18 100
19 22
19 28
19 35
19 40
19 43
19 48
19 50
19 52
19 60
19 63
19 76
19 77
19 79
19 82
19 85
19 88
19 92
19 94
19 96
19 97
19 98
20 21
20 23
20 26
20 31
20 39
20 40
20 44
20 46
20 57
20 58
20 60
20 62
20 63
20 64
20 65
20 71
20 75
20 81
20 87
20 89
20 93
20 95
20 96
20 99
21 23
21 24
21 25
21 26
21 31
21 33
21 37
21 42
21 48
21 51
21 52
21 54
21 59
21 62
21 65
21 67
21 68
21 70
21 71
21 74
21 76
21 78
21 81
21 82
21 90
21 92
21 95
21 97
21 100
22 23
22 25
22 27
22 37
22 38
22 39
22 48
22 49
22 50
22 51
22 52
22 58
22 60
22 62
22 63
22 66
22 71
22 72
22 76
22 90
22 91
22 96
22 99
23 26
23 29
23 30
23 33
23 34
23 35
23 39
23 46
23 47
23 50
23 52
23 54
23 59
23 60
23 62
23 63
23 67
23 70
23 74
23 78
23 81
23 83
23 95
23 97
23 99
24 25
24 27
24 30
24 35
24 38
24 46
24 50
24 52
24 53
24 54
24 55
24 56
24 57
24 59
24 61
24 63
24 65
24 67
24 68
24 70
24 72
24 74
24 75
24 76
24 78
24 82
24 83
24 85
24 88
24 89
24 91
24 92
24 93
24 94
24 95
25 30
25 34
25 37
25 39
25 41
25 45
25 47
25 49
25 50
25 53
25 60
25 61
25 63
25 65
25 70
25 80
25 82
25 84
25 88
25 93
25 98
26 30
26 33
26 37
26 40
26 42
26 43
26 46
26 48
26 52
26 54
26 60
26 65
26 72
26 76
26 82
26 85
26 86
26 92
26 97
27 29
27 32
27 41
27 49
27 51
27 52
27 56
27 57
27 61
27 62
27 67
27 69
27 70
27 74
27 76
27 78
27 80
27 81
27 83
27 92
27 94
27 96
27 99
28 30
28 31
28 33
28 37
28 41
28 47
28 49
28 64
28 73
28 76
28 78
28 79
28 82
28 86
28 95
28 97
28 99
29 30
29 31
29 32
29 35
29 36
29 39
29 44
29 48
29 49
29 51
29 54
29 55
29 56
29 57
29 58
29 61
29 62
29 64
29 67
29 68
29 69
29 71
29 73
29 82
29 84
29 87
29 90
29 97
29 99
29 100
30 31
30 36
30 41
30 44
30 46
30 54
30 55
30 57
30 64
30 67
30 73
30 75
30 76
30 78
30 79
30 80
30 83
30 85
30 88
30 89
30 90
30 94
30 95
30 99
30 100
31 34
31 37
31 38
31 41
31 45
31 49
31 52
31 60
31 62
31 65
31 66
31 73
31 76
31 78
31 79
31 82
31 83
31 88
31 90
31 93
31 94
31 97
32 33
32 34
32 37
32 47
32 48
32 50
32 52
32 55
32 59
32 60
32 64
32 70
32 73
32 81
32 89
32 92
32 96
33 34
33 35
33 38
33 42
33 44
33 45
33 51
33 52
33 54
33 57
33 61
33 63
33 65
33 68
33 69
33 70
33 75
33 77
33 83
33 87
33 91
33 92
33 93
33 94
33 95
33 97
33 100
34 39
34 40
34 41
34 46
34 48
34 54
34 55
34 62
34 64
34 66
34 67
34 69
34 74
34 79
34 87
34 89
34 96
34 100
35 39
35 40
35 41
35 42
35 43
35 46
35 47
35 56
35 57
35 59
35 60
35 64
35 65
35 66
35 69
35 71
35 73
35 74
35 83
35 88
35 91
35 95
35 98
35 100
36 39
36 44
36 46
36 48
36 53
36 54
36 55
36 62
36 63
36 69
36 72
36 84
36 89
36 90
36 91
36 93
37 40
37 41
37 43
37 44
37 46
37 50
37 54
37 58
37 60
37 63
37 64
37 67
37 73
37 74
37 75
37 78
37 82
37 85
37 93
37 95
37 99
38 39
38 40
38 43
38 47
38 49
38 53
38 57
38 58
38 59
38 65
38 71
38 72
38 75
38 78
38 79
38 83
38 84
38 87
38 91
38 93
38 97
39 40
39 43
39 50
39 51
39 52
39 54
39 55
39 58
39 59
39 60
39 62
39 64
39 66
39 69
39 72
39 75
39 78
39 80
39 82
39 87
39 90
39 98
39 100
40 41
40 42
40 43
40 44
40 48
40 50
40 53
40 57
40 60
40 61
40 63
40 65
40 72
40 76
40 77
40 80
40 82
40 85
40 92
40 93
40 94
40 98
40 100
41 46
41 49
41 51
41 52
41 53
41 54
41 55
41 61
41 62
41 63
41 67
41 72
41 77
41 81
41 83
41 84
41 85
41 86
41 88
41 91
41 94
41 95
41 96
41 97
41 98
41 100
42 50
42 56
42 61
42 63
42 64
42 72
42 85
42 86
42 88
42 89
42 91
42 97
42 98
43 48
43 51
43 53
43 54
43 58
43 60
43 61
43 65
43 67
43 72
43 75
43 76
43 79
43 85
43 86
43 93
43 97
43 99
44 49
44 50
44 54
44 59
44 60
44 63
44 67
44 68
44 69
44 71
44 73
44 76
44 77
44 83
44 87
44 93
44 94
44 96
44 98
44 100
45 46
45 50
45 55
45 57
45 59
45 61
45 63
45 65
45 66
45 67
45 70
45 71
45 76
45 78
45 85
45 89
45 91
45 94
46 54
46 59
46 60
46 61
46 64
46 66
46 67
46 68
46 71
46 76
46 78
46 83
46 87
46 92
46 97
46 99
46 100
47 50
47 54
47 55
47 56
47 59
47 60
47 68
47 69
47 75
47 81
47 82
47 83
47 88
47 91
47 92
47 99
48 51
48 52
48 54
48 56
48 60
48 61
48 62
48 63
48 65
48 67
48 69
48 75
48 84
48 85
48 89
49 53
49 54
49 56
49 58
49 60
49 63
49 69
49 72
49 73
49 79
49 90
49 91
49 92
49 95
49 96
49 98
49 99
50 51
50 54
50 55
50 57
50 60
50 63
50 64
50 65
50 66
50 67
50 72
50 73
50 75
50 76
50 81
50 83
50 85
50 90
50 99
51 53
51 57
51 60
51 62
51 64
51 65
51 66
51 67
51 68
51 72
51 73
51 83
51 89
51 90
51 93
51 94
51 98
51 100
52 54
52 57
52 60
52 61
52 66
52 67
52 69
52 71
52 75
52 77
52 78
52 80
52 83
52 85
52 90
52 93
52 98
53 56
53 58
53 59
53 64
53 65
53 66
53 69
53 73
53 75
53 76
53 77
53 81
53 82
53 84
53 86
53 88
53 92
53 93
53 94
53 95
53 99
53 100
54 57
54 61
54 62
54 63
54 66
54 72
54 78
54 80
54 81
54 84
54 85
54 88
54 89
54 90
54 94
54 96
54 97
54 98
54 100
55 56
55 57
55 61
55 62
55 63
55 66
55 70
55 72
55 75
55 76
55 79
55 84
55 85
55 93
55 95
55 96
55 97
55 100
56 58
56 62
56 63
56 73
56 76
56 79
56 81
56 90
56 91
56 92
57 58
57 65
57 67
57 70
57 79
57 80
57 84
57 85
57 86
57 88
57 91
57 99
58 62
58 65
58 68
58 82
58 86
58 87
58 95
59 61
59 66
59 68
59 70
59 73
59 77
59 81
59 84
59 86
59 88
59 92
59 93
59 97
59 99
59 100
60 67
60 71
60 73
60 77
60 78
60 83
60 86
60 94
60 96
60 98
61 65
61 67
61 69
61 71
61 74
61 76
61 79
61 82
61 83
61 87
61 88
61 90
61 91
61 98
61 100
62 64
62 70
62 73
62 78
62 79
62 80
62 81
62 82
62 83
62 84
62 85
62 89
62 91
62 93
62 96
62 97
62 98
63 67
63 69
63 70
63 71
63 73
63 74
63 75
63 79
63 81
63 89
63 90
63 96
63 97
63 98
63 100
64 65
64 66
64 77
64 80
64 82
64 86
64 88
64 89
64 90
64 92
64 93
65 67
65 68
65 69
65 74
65 79
65 81
65 82
65 83
65 85
65 89
65 91
65 93
65 94
65 96
65 97
65 100
66 71
66 77
66 78
66 83
66 84
66 91
66 94
66 95
67 71
67 74
67 76
67 77
67 78
67 86
67 87
67 92
67 94
67 100
68 71
68 83
68 90
68 91
68 94
69 70
69 71
69 72
69 76
69 79
69 89
69 92
69 96
69 97
69 99
70 72
70 81
70 82
70 83
70 87
70 89
70 93
70 95
70 96
70 98
71 73
71 74
71 79
71 84
71 85
71 100
72 82
72 85
72 87
72 88
72 91
72 95
72 100
73 74
73 75
73 76
73 85
73 87
73 90
73 92
73 95
74 75
74 86
74 88
74 90
74 91
74 92
74 93
74 94
74 95
74 96
74 98
74 100
75 77
75 79
75 82
75 84
75 87
75 89
75 92
75 93
75 97
75 98
76 82
76 83
76 89
76 97
77 81
77 82
77 83
77 86
77 90
77 91
77 92
77 96
78 83
78 88
78 89
78 91
78 93
78 96
78 99
79 80
79 82
79 87
79 88
79 91
80 81
80 87
80 89
80 91
80 95
80 99
81 86
81 87
81 88
81 89
81 91
81 98
81 100
82 86
82 88
82 89
82 93
82 94
82 98
82 99
82 100
83 85
83 87
83 89
83 91
83 96
84 86
84 87
84 90
84 91
84 93
84 97
84 99
85 86
85 88
85 89
85 92
85 97
85 99
86 90
86 93
86 94
86 100
87 91
87 92
87 93
87 95
87 100
88 89
88 92
88 93
88 94
88 96
88 99
89 91
89 92
89 96
90 91
90 93
91 92
91 99
92 93
92 100
93 94
93 96
93 98
94 95
95 100
97 99
