50 321
1 4
1 7
1 14
1 15
1 20
1 27
1 40
1 42
1 43
2 4
2 7
2 8
2 11
2 14
2 24
2 27
2 30
2 32
2 40
2 42
2 43
2 46
2 47
3 4
3 5
3 11
3 14
3 15
3 24
3 27
3 30
3 32
3 37
3 42
4 10
4 13
4 16
4 17
4 22
4 25
4 35
4 38
4 41
4 49
5 10
5 12
5 22
5 23
5 25
5 33
5 35
5 36
5 38
5 39
5 41
5 49
5 50
6 14
6 19
6 20
6 30
6 32
6 37
6 42
6 46
6 47
7 12
7 13
7 16
7 17
7 22
7 23
7 25
7 33
7 35
7 36
7 38
7 39
7 41
7 48
7 49
8 12
8 13
8 16
8 17
8 22
8 26
8 33
8 35
8 36
8 38
8 41
8 48
8 49
8 50
9 14
9 19
9 29
9 30
9 31
9 32
9 42
9 43
9 46
9 47
10 11
10 15
10 18
10 32
10 37
10 43
11 17
11 21
11 22
11 35
11 36
11 39
11 41
11 44
11 48
11 50
12 15
12 18
12 19
12 24
12 29
12 31
12 32
12 40
12 42
12 43
12 45
13 14
13 15
13 18
13 19
13 31
13 40
13 42
13 45
13 47
14 22
14 25
14 26
14 33
14 34
14 35
14 38
14 39
14 44
14 50
15 21
15 25
15 33
15 36
15 44
15 48
16 19
16 20
16 28
16 29
16 31
16 37
16 40
16 42
16 43
16 47
17 18
17 19
17 24
17 27
17 28
17 30
17 31
17 40
17 42
17 43
17 46
18 22
18 26
18 34
18 39
18 44
18 49
18 50
19 21
19 22
19 25
19 33
19 38
19 39
19 49
19 50
20 23
20 25
20 26
20 33
20 38
20 41
20 44
20 48
21 28
21 29
21 32
21 37
21 40
21 42
21 45
22 28
22 30
22 31
22 32
22 37
22 46
23 24
23 27
23 28
23 30
23 43
23 45
23 46
24 25
24 33
24 34
24 38
24 41
24 48
24 49
25 27
25 29
25 30
25 37
25 40
25 42
26 31
26 32
26 37
26 42
26 45
26 46
26 47
27 35
27 39
27 41
27 44
28 33
28 35
28 36
28 39
29 33
29 34
29 35
29 36
29 39
29 44
29 48
29 49
30 34
30 35
30 38
30 41
31 33
31 34
31 41
31 44
31 48
31 49
32 33
32 34
32 38
32 39
32 44
32 50
33 40
33 42
33 46
34 37
34 40
34 43
34 45
34 47
35 37
35 40
35 43
35 45
35 46
36 37
36 40
36 43
36 47
37 38
37 48
37 49
37 50
38 40
38 42
38 43
38 45
39 40
39 43
39 45
39 46
39 47
40 41
40 44
40 48
40 49
41 43
41 45
41 46
41 47
42 48
42 50
43 44
43 48
43 50
44 46
44 47
45 48
45 50
47 50
