100 2477
1 5
1 6
1 8
1 9
1 12
1 15
1 16
1 19
1 20
1 21
1 25
1 28
1 29
1 30
1 31
1 32
1 33
1 38
1 41
1 43
1 44
1 46
1 47
1 48
1 52
1 54
1 57
1 58
1 61
1 63
1 70
1 71
1 72
1 76
1 78
1 79
1 80
1 81
1 86
1 87
1 90
1 92
1 94
1 95
1 96
1 98
1 99
1 100
2 3
2 6
2 7
2 8
2 12
2 13
2 16
2 18
2 19
2 21
2 28
2 30
2 31
2 32
2 34
2 36
2 40
2 42
2 44
2 47
2 51
2 52
2 57
2 58
2 59
2 61
2 63
2 64
2 65
2 66
2 67
2 70
2 71
2 75
2 78
2 79
2 84
2 86
2 87
2 89
2 92
2 93
2 96
2 97
2 98
2 99
3 4
3 5
3 6
3 8
3 10
3 11
3 12
3 13
3 14
3 16
3 17
3 21
3 22
3 23
3 24
3 26
3 29
3 30
3 32
3 33
3 34
3 36
3 38
3 39
3 40
3 42
3 45
3 50
3 51
3 52
3 53
3 56
3 57
3 59
3 60
3 61
3 63
3 64
3 73
3 74
3 77
3 84
3 85
3 86
3 92
3 93
3 95
3 96
3 97
3 98
3 100
4 6
4 7
4 8
4 10
4 13
4 15
4 16
4 18
4 19
4 20
4 21
4 24
4 25
4 26
4 27
4 34
4 37
4 38
4 40
4 42
4 46
4 48
4 49
4 50
4 51
4 52
4 54
4 55
4 57
4 60
4 63
4 66
4 68
4 71
4 75
4 76
4 80
4 81
4 84
4 85
4 87
4 89
4 90
4 91
4 92
4 95
4 96
4 97
4 99
4 100
5 6
5 8
5 9
5 12
5 13
5 14
5 16
5 19
5 22
5 24
5 28
5 30
5 32
5 33
5 34
5 35
5 37
5 39
5 43
5 44
5 48
5 49
5 52
5 53
5 54
5 55
5 59
5 61
5 62
5 63
5 68
5 69
5 72
5 73
5 74
5 75
5 77
5 82
5 84
5 85
5 86
5 87
5 92
5 94
5 95
5 96
5 98
6 10
6 11
6 12
6 14
6 16
6 17
6 20
6 22
6 24
6 25
6 27
6 29
6 30
6 33
6 34
6 35
6 44
6 45
6 46
6 48
6 50
6 51
6 52
6 55
6 58
6 59
6 60
6 64
6 66
6 67
6 69
6 75
6 76
6 77
6 78
6 80
6 82
6 83
6 84
6 87
6 88
6 90
6 92
6 97
6 98
7 10
7 11
7 12
7 13
7 15
7 16
7 19
7 20
7 22
7 25
7 27
7 28
7 31
7 33
7 34
7 36
7 37
7 39
7 40
7 41
7 43
7 44
7 45
7 47
7 48
7 50
7 53
7 54
7 58
7 59
7 60
7 61
7 62
7 63
7 64
7 67
7 69
7 70
7 71
7 72
7 73
7 74
7 75
7 76
7 79
7 80
7 81
7 82
7 84
7 86
7 87
7 88
7 90
7 92
7 93
7 94
7 96
8 10
8 12
8 14
8 16
8 18
8 19
8 21
8 23
8 25
8 26
8 28
8 31
8 34
8 37
8 41
8 43
8 45
8 46
8 48
8 53
8 56
8 57
8 58
8 60
8 62
8 65
8 66
8 67
8 70
8 71
8 75
8 76
8 80
8 81
8 83
8 84
8 87
8 88
8 90
8 92
8 94
8 96
8 98
8 99
9 12
9 13
9 14
9 15
9 16
9 17
9 18
9 24
9 25
9 27
9 28
9 31
9 32
9 33
9 34
9 35
9 38
9 40
9 48
9 49
9 51
9 53
9 56
9 58
9 59
9 61
9 62
9 64
9 67
9 69
9 71
9 72
9 73
9 75
9 76
9 79
9 80
9 81
9 83
9 84
9 85
9 88
9 89
9 91
9 93
9 94
9 95
9 96
9 99
10 11
10 12
10 15
10 16
10 19
10 22
10 23
10 24
10 26
10 30
10 31
10 33
10 36
10 37
10 41
10 43
10 44
10 45
10 46
10 48
10 49
10 50
10 52
10 55
10 56
10 57
10 59
10 60
10 62
10 64
10 69
10 70
10 71
10 75
10 76
10 77
10 78
10 79
10 80
10 81
10 82
10 83
10 84
10 85
10 88
10 89
10 91
10 92
10 93
10 94
10 95
10 96
11 12
11 14
11 15
11 16
11 22
11 23
11 24
11 27
11 32
11 33
11 37
11 38
11 39
11 40
11 41
11 43
11 44
11 48
11 49
11 53
11 54
11 55
11 56
11 59
11 60
11 61
11 62
11 67
11 71
11 78
11 81
11 83
11 84
11 89
11 90
11 91
11 93
11 95
11 97
12 14
12 15
12 20
12 21
12 22
12 23
12 24
12 26
12 28
12 33
12 37
12 38
12 40
12 43
12 45
12 49
12 51
12 55
12 58
12 59
12 61
12 65
12 68
12 71
12 72
12 73
12 75
12 78
12 80
12 81
12 83
12 86
12 89
12 91
12 92
12 93
12 94
12 97
12 100
13 14
13 16
13 17
13 19
13 20
13 21
13 22
13 24
13 26
13 27
13 28
13 29
13 30
13 32
13 33
13 34
13 38
13 39
13 41
13 45
13 46
13 48
13 50
13 51
13 52
13 54
13 55
13 56
13 59
13 60
13 61
13 64
13 65
13 68
13 69
13 70
13 72
13 73
13 76
13 78
13 80
13 82
13 85
13 87
13 88
13 90
13 92
13 94
13 97
13 100
14 15
14 16
14 17
14 19
14 21
14 22
14 24
14 25
14 26
14 27
14 28
14 31
14 34
14 35
14 36
14 37
14 39
14 41
14 42
14 45
14 46
14 48
14 50
14 51
14 52
14 55
14 57
14 61
14 65
14 67
14 70
14 71
14 73
14 74
14 76
14 77
14 81
14 82
14 84
14 85
14 88
14 90
14 91
14 93
14 94
14 95
14 96
14 97
14 100
15 16
15 19
15 20
15 21
15 23
15 24
15 26
15 27
15 29
15 33
15 34
15 37
15 38
15 39
15 40
15 42
15 43
15 44
15 47
15 49
15 51
15 53
15 55
15 57
15 58
15 59
15 64
15 65
15 68
15 70
15 71
15 73
15 74
15 75
15 76
15 77
15 78
15 79
15 81
15 83
15 84
15 87
15 90
15 91
15 92
15 96
15 97
15 98
15 100
16 18
16 19
16 20
16 22
16 24
16 25
16 27
16 28
16 30
16 32
16 33
16 34
16 36
16 37
16 38
16 39
16 41
16 43
16 50
16 53
16 54
16 56
16 57
16 59
16 64
16 65
16 66
16 68
16 69
16 71
16 72
16 74
16 79
16 80
16 82
16 83
16 85
16 86
16 87
16 88
16 89
16 90
16 92
16 94
16 95
16 96
16 97
16 98
16 100
17 18
17 22
17 23
17 26
17 27
17 30
17 31
17 32
17 35
17 36
17 38
17 39
17 41
17 42
17 45
17 46
17 49
17 50
17 55
17 58
17 61
17 62
17 63
17 64
17 66
17 69
17 71
17 74
17 75
17 77
17 78
17 80
17 82
17 83
17 84
17 86
17 88
17 91
17 93
17 96
17 97
17 99
18 19
18 23
18 27
18 30
18 31
18 32
18 33
18 35
18 36
18 38
18 40
18 41
18 43
18 44
18 45
18 47
18 48
18 49
18 50
18 51
18 55
18 56
18 61
18 62
18 63
18 65
18 66
18 67
18 69
18 71
18 76
18 77
18 78
18 79
18 86
18 93
18 97
18 98
18 99
19 20
19 23
19 24
19 25
19 26
19 30
19 31
19 33
19 34
19 35
19 37
19 40
19 43
19 44
19 46
19 50
19 51
19 53
19 55
19 56
19 57
19 58
19 63
19 64
19 65
19 66
19 67
19 69
19 75
19 77
19 78
19 80
19 81
19 84
19 85
19 86
19 87
19 89
19 91
19 97
19 98
20 21
20 22
20 25
20 26
20 27
20 29
20 34
20 36
20 38
20 39
20 40
20 41
20 42
20 47
20 49
20 51
20 52
20 54
20 58
20 59
20 61
20 63
20 67
20 68
20 70
20 72
20 74
20 75
20 79
20 80
20 84
20 87
20 90
20 91
20 98
20 99
20 100
21 24
21 29
21 32
21 36
21 37
21 42
21 43
21 44
21 45
21 47
21 48
21 50
21 53
21 55
21 58
21 60
21 61
21 66
21 68
21 69
21 70
21 72
21 73
21 74
21 77
21 78
21 80
21 82
21 84
21 87
21 90
21 91
21 92
21 93
21 97
21 98
21 100
22 23
22 25
22 26
22 31
22 33
22 34
22 39
22 44
22 45
22 48
22 49
22 50
22 51
22 55
22 60
22 61
22 65
22 67
22 68
22 73
22 74
22 75
22 77
22 80
22 81
22 83
22 84
22 85
22 92
22 93
22 96
22 97
22 99
22 100
23 24
23 25
23 26
23 27
23 28
23 32
23 33
23 35
23 36
23 38
23 39
23 41
23 42
23 45
23 46
23 50
23 53
23 54
23 59
23 60
23 61
23 62
23 63
23 64
23 65
23 69
23 72
23 73
23 75
23 76
23 81
23 85
23 86
23 87
23 90
23 91
23 92
23 97
24 25
24 26
24 27
24 29
24 31
24 32
24 33
24 34
24 35
24 36
24 39
24 41
24 43
24 44
24 48
24 50
24 51
24 52
24 53
24 54
24 56
24 57
24 58
24 59
24 60
24 61
24 62
24 63
24 64
24 65
24 67
24 68
24 71
24 73
24 74
24 77
24 79
24 80
24 83
24 85
24 86
24 91
24 93
24 94
24 95
24 99
24 100
25 26
25 28
25 29
25 32
25 33
25 34
25 37
25 39
25 40
25 43
25 44
25 46
25 47
25 48
25 52
25 54
25 55
25 57
25 58
25 60
25 61
25 63
25 65
25 67
25 68
25 75
25 76
25 78
25 79
25 80
25 83
25 84
25 91
25 93
25 95
25 96
25 97
25 99
25 100
26 30
26 32
26 33
26 34
26 39
26 40
26 42
26 44
26 45
26 47
26 52
26 56
26 60
26 64
26 65
26 68
26 71
26 72
26 73
26 74
26 77
26 79
26 82
26 83
26 88
26 89
26 91
26 96
26 97
26 98
27 28
27 30
27 31
27 33
27 36
27 37
27 38
27 39
27 40
27 44
27 45
27 46
27 50
27 51
27 53
27 57
27 58
27 59
27 65
27 66
27 69
27 72
27 73
27 74
27 80
27 88
27 89
27 90
27 91
27 93
27 94
27 95
27 96
27 100
28 32
28 33
28 37
28 38
28 41
28 43
28 44
28 45
28 46
28 47
28 48
28 50
28 54
28 57
28 58
28 59
28 61
28 64
28 65
28 68
28 69
28 73
28 75
28 77
28 78
28 83
28 85
28 88
28 90
28 93
28 96
28 97
28 98
28 99
28 100
29 30
29 31
29 32
29 34
29 35
29 38
29 39
29 43
29 44
29 45
29 50
29 54
29 55
29 57
29 58
29 60
29 61
29 63
29 66
29 67
29 68
29 69
29 70
29 72
29 73
29 74
29 75
29 76
29 78
29 79
29 81
29 82
29 84
29 85
29 87
29 88
29 89
29 90
29 91
29 92
29 93
29 94
29 97
29 100
30 32
30 38
30 39
30 42
30 48
30 49
30 50
30 52
30 55
30 56
30 57
30 59
30 60
30 62
30 63
30 65
30 68
30 70
30 72
30 73
30 77
30 80
30 83
30 84
30 85
30 87
30 88
30 90
30 91
30 94
30 96
30 99
31 34
31 35
31 39
31 44
31 46
31 51
31 52
31 54
31 57
31 59
31 63
31 64
31 65
31 66
31 67
31 68
31 69
31 70
31 72
31 74
31 75
31 76
31 79
31 81
31 82
31 86
31 87
31 90
31 93
31 95
31 96
31 97
31 99
32 33
32 34
32 35
32 37
32 38
32 39
32 40
32 41
32 42
32 43
32 46
32 47
32 48
32 49
32 51
32 53
32 54
32 56
32 57
32 59
32 62
32 63
32 65
32 69
32 70
32 72
32 78
32 81
32 82
32 88
32 89
32 90
32 97
33 37
33 41
33 43
33 45
33 48
33 49
33 51
33 52
33 54
33 58
33 60
33 62
33 66
33 70
33 72
33 77
33 79
33 82
33 83
33 84
33 86
33 87
33 88
33 89
33 90
33 96
33 97
33 99
34 35
34 36
34 39
34 40
34 41
34 42
34 43
34 46
34 52
34 54
34 55
34 58
34 63
34 64
34 67
34 68
34 71
34 72
34 74
34 76
34 78
34 80
34 81
34 82
34 84
34 87
34 92
34 94
34 95
34 98
34 99
35 36
35 37
35 40
35 41
35 42
35 43
35 45
35 47
35 48
35 50
35 52
35 53
35 55
35 57
35 58
35 60
35 62
35 64
35 65
35 67
35 72
35 73
35 75
35 78
35 80
35 82
35 83
35 85
35 86
35 93
35 99
35 100
36 38
36 41
36 42
36 46
36 47
36 49
36 50
36 51
36 53
36 56
36 58
36 61
36 63
36 67
36 68
36 69
36 71
36 74
36 75
36 80
36 82
36 83
36 84
36 86
36 87
36 89
36 91
36 93
36 95
36 97
36 98
36 99
36 100
37 38
37 41
37 43
37 45
37 48
37 50
37 52
37 53
37 55
37 56
37 57
37 59
37 61
37 63
37 65
37 66
37 67
37 68
37 70
37 72
37 74
37 75
37 77
37 78
37 82
37 83
37 85
37 88
37 90
37 91
37 96
37 98
37 99
38 42
38 45
38 46
38 55
38 57
38 58
38 60
38 62
38 68
38 71
38 72
38 76
38 78
38 79
38 82
38 85
38 86
38 88
38 94
38 95
38 99
38 100
39 40
39 42
39 44
39 46
39 47
39 56
39 57
39 58
39 59
39 60
39 61
39 62
39 63
39 64
39 66
39 71
39 74
39 75
39 81
39 82
39 84
39 85
39 87
39 89
39 90
39 91
39 94
39 96
39 97
40 42
40 46
40 49
40 51
40 53
40 55
40 56
40 57
40 58
40 59
40 60
40 61
40 62
40 63
40 64
40 67
40 68
40 72
40 74
40 76
40 77
40 81
40 83
40 84
40 85
40 86
40 87
40 88
40 90
40 95
41 43
41 44
41 46
41 47
41 48
41 59
41 60
41 62
41 64
41 67
41 70
41 74
41 75
41 76
41 77
41 81
41 82
41 86
41 89
41 90
41 92
41 94
41 95
41 98
41 100
42 43
42 44
42 46
42 47
42 48
42 50
42 52
42 54
42 55
42 56
42 57
42 60
42 63
42 65
42 66
42 69
42 70
42 72
42 73
42 84
42 86
42 88
42 90
42 92
42 96
42 97
42 98
42 99
42 100
43 45
43 47
43 48
43 53
43 55
43 58
43 60
43 61
43 66
43 67
43 70
43 72
43 76
43 77
43 79
43 80
43 82
43 85
43 88
43 90
43 92
43 94
43 98
44 46
44 49
44 51
44 53
44 56
44 57
44 59
44 63
44 65
44 66
44 68
44 69
44 70
44 76
44 77
44 78
44 84
44 86
44 90
44 94
44 96
44 98
44 100
45 48
45 50
45 53
45 55
45 59
45 60
45 61
45 64
45 66
45 68
45 69
45 70
45 73
45 76
45 80
45 85
45 92
45 93
45 94
45 95
45 99
46 50
46 54
46 55
46 56
46 57
46 62
46 68
46 69
46 70
46 73
46 74
46 77
46 78
46 79
46 80
46 82
46 86
46 87
46 88
46 89
46 90
46 91
46 92
46 93
46 95
46 99
46 100
47 50
47 52
47 53
47 57
47 62
47 64
47 65
47 69
47 70
47 71
47 72
47 73
47 74
47 77
47 79
47 80
47 81
47 82
47 83
47 86
47 90
47 91
47 92
47 93
47 94
47 95
47 96
47 98
47 99
48 49
48 50
48 53
48 55
48 57
48 58
48 61
48 62
48 64
48 66
48 69
48 70
48 71
48 72
48 75
48 76
48 79
48 80
48 81
48 84
48 85
48 86
48 87
48 95
48 96
48 97
48 99
49 51
49 52
49 53
49 55
49 57
49 58
49 59
49 60
49 61
49 63
49 64
49 66
49 68
49 70
49 71
49 72
49 74
49 75
49 76
49 79
49 80
49 83
49 87
49 88
49 93
49 97
49 99
49 100
50 51
50 54
50 56
50 57
50 59
50 63
50 65
50 67
50 68
50 69
50 72
50 73
50 76
50 77
50 78
50 79
50 81
50 82
50 84
50 86
50 89
50 93
50 94
50 96
51 53
51 55
51 56
51 58
51 60
51 61
51 62
51 64
51 65
51 67
51 69
51 70
51 72
51 74
51 75
51 76
51 79
51 80
51 82
51 83
51 85
51 86
51 87
51 89
51 90
51 91
51 92
51 93
51 96
51 98
51 99
52 55
52 58
52 60
52 61
52 64
52 65
52 67
52 69
52 70
52 73
52 74
52 75
52 76
52 78
52 79
52 80
52 82
52 84
52 86
52 87
52 91
52 92
52 93
52 94
52 95
52 97
52 100
53 54
53 56
53 57
53 61
53 66
53 67
53 68
53 69
53 71
53 73
53 76
53 78
53 83
53 84
53 87
53 88
53 93
53 94
53 95
53 96
53 97
53 98
54 57
54 61
54 62
54 63
54 64
54 65
54 66
54 67
54 69
54 71
54 73
54 79
54 82
54 83
54 86
54 87
54 88
54 98
54 99
54 100
55 57
55 61
55 62
55 66
55 67
55 68
55 70
55 71
55 72
55 74
55 76
55 77
55 78
55 79
55 84
55 86
55 89
55 92
55 93
55 94
55 95
55 96
55 97
55 99
55 100
56 59
56 63
56 64
56 68
56 69
56 72
56 73
56 74
56 75
56 79
56 80
56 83
56 85
56 88
56 89
56 90
56 96
56 97
56 99
57 59
57 62
57 63
57 64
57 65
57 66
57 68
57 74
57 77
57 82
57 83
57 84
57 85
57 89
57 91
57 94
57 97
57 98
57 99
57 100
58 59
58 60
58 62
58 63
58 64
58 65
58 70
58 73
58 75
58 76
58 78
58 79
58 80
58 82
58 83
58 84
58 85
58 86
58 87
58 88
58 93
58 95
58 98
58 99
58 100
59 61
59 63
59 64
59 66
59 71
59 72
59 74
59 75
59 78
59 79
59 80
59 81
59 84
59 87
59 88
59 89
59 90
59 95
59 96
59 98
59 100
60 62
60 63
60 66
60 71
60 73
60 75
60 78
60 80
60 82
60 83
60 84
60 85
60 88
60 89
60 90
60 91
60 94
60 95
60 98
60 99
61 63
61 64
61 66
61 69
61 73
61 76
61 78
61 80
61 81
61 84
61 85
61 86
61 89
61 93
61 95
61 96
61 99
62 63
62 64
62 66
62 67
62 69
62 70
62 71
62 75
62 81
62 82
62 84
62 88
62 89
62 91
62 92
62 96
62 98
62 99
62 100
63 67
63 70
63 71
63 72
63 73
63 82
63 83
63 85
63 86
63 87
63 89
63 90
63 92
63 93
63 94
63 96
63 100
64 66
64 68
64 76
64 77
64 80
64 83
64 85
64 86
64 87
64 90
64 91
64 94
64 97
65 67
65 68
65 69
65 70
65 73
65 75
65 76
65 77
65 78
65 79
65 80
65 81
65 82
65 87
65 88
65 91
65 93
65 94
65 95
65 96
65 98
65 100
66 67
66 71
66 75
66 80
66 84
66 88
66 89
66 93
66 95
66 97
67 68
67 69
67 70
67 71
67 72
67 76
67 77
67 79
67 82
67 83
67 84
67 85
67 86
67 87
67 88
67 89
67 96
67 100
68 70
68 71
68 74
68 78
68 79
68 80
68 83
68 84
68 85
68 86
68 88
68 91
68 92
68 95
68 100
69 73
69 75
69 76
69 77
69 78
69 79
69 83
69 85
69 87
69 89
69 91
69 92
69 94
69 96
69 98
69 99
70 71
70 74
70 75
70 76
70 80
70 82
70 83
70 84
70 85
70 86
70 87
70 88
70 94
70 96
70 97
70 99
70 100
71 72
71 76
71 87
71 88
71 89
71 90
71 94
71 95
71 96
71 97
71 98
72 74
72 75
72 77
72 78
72 89
72 92
72 93
72 94
72 97
72 98
73 74
73 76
73 78
73 82
73 83
73 85
73 86
73 87
73 88
73 90
73 91
73 94
73 96
73 97
73 98
73 99
74 80
74 81
74 82
74 83
74 84
74 88
74 89
74 92
74 94
74 95
74 97
74 98
74 100
75 77
75 79
75 81
75 82
75 84
75 85
75 87
75 89
75 93
75 95
75 96
75 97
75 98
75 99
76 78
76 79
76 80
76 81
76 84
76 86
76 87
76 88
76 90
76 91
76 93
76 96
76 98
76 99
77 78
77 79
77 80
77 81
77 83
77 84
77 86
77 88
77 90
77 93
77 94
77 96
77 97
77 98
77 99
77 100
78 86
78 88
78 89
78 90
78 92
78 93
78 94
78 100
79 80
79 82
79 83
79 85
79 87
79 88
79 89
79 90
79 91
79 92
79 93
79 94
79 95
79 99
80 83
80 85
80 88
80 89
80 90
80 91
80 95
80 96
80 98
80 99
81 82
81 83
81 84
81 86
81 87
81 90
81 95
81 98
81 100
82 84
82 87
82 89
82 90
82 92
82 97
82 98
82 99
83 84
83 85
83 87
83 90
83 91
83 92
83 94
83 95
83 97
83 98
84 85
84 87
84 89
84 90
84 91
84 94
84 95
84 99
84 100
85 91
85 92
85 95
85 98
85 100
86 87
86 89
86 90
86 93
86 95
86 96
86 97
86 99
86 100
87 90
87 91
87 92
87 94
87 95
87 97
87 98
87 100
88 89
88 93
88 94
88 95
88 97
88 98
88 99
89 91
89 95
89 96
89 97
89 98
89 99
90 91
90 93
90 96
90 97
90 99
90 100
91 92
91 93
91 95
91 100
92 93
92 95
92 96
92 97
92 98
93 94
93 96
93 97
93 98
93 99
94 98
94 99
94 100
95 98
95 99
95 100
96 97
96 98
96 100
97 100
98 99
98 100
99 100
